m = 70.0
k = 10000.0
gamma = 100.0
tiempo final = 5.0
x0 = 1.0
y0 = 0.0
vx0 = 0.7142857143
vy0 = 0.0
dt = 0.00001
